<!DOCTYPE html>
<html>
<head>
<meta charset="utf-8"/>
<script src="heatmap_files/htmlwidgets-0.4/htmlwidgets.js"></script>
<script src="heatmap_files/d3-3.5.5/d3.min.js"></script>
<link href="heatmap_files/d3-tip-0.6.6/d3-tip.min.css" rel="stylesheet" />
<script src="heatmap_files/d3-tip-0.6.6/d3-tip.min.js"></script>
<link href="heatmap_files/d3panels-0.5.2/d3panels.min.css" rel="stylesheet" />
<script src="heatmap_files/d3panels-0.5.2/d3panels.min.js"></script>
<script src="heatmap_files/qtlcharts_iheatmap-0.1.1/iheatmap.js"></script>
<script src="heatmap_files/iheatmap-binding-0.5.13/iheatmap.js"></script>

</head>
<body style="background-color:white;">
<div id="htmlwidget_container">
  <div id="htmlwidget-3539" style="width:960px;height:500px;" class="iheatmap"></div>
</div>
<script type="application/json" data-for="htmlwidget-3539">{"x":{"data":{"x":[1,2,3,4,5,6,7,8,9,10,11,12,13,14,15,16,17,18,19,20,21,22,23,24,25,26,27,28,29,30,31,32,33,34,35,36,37,38,39,40,41,42,43,44],"y":[1,2,3,4,5,6,7,8,9,10,11,12,13,14,15,16,17,18,19,20,21,22,23,24,25,26,27,28,29,30,31,32,33,34,35,36,37,38,39,40,41,42,43,44],"z":[[1,0.991935527576728,0.939846512837899,0.968817277065546,0.97864349821732,0.969426551518488,0.878630312331021,0.893917867304484,0.813260216319873,0.828845730269501,0.878237659473657,0.875422889210292,0.89312306251311,0.89449210199705,0.884451017948075,0.894874535582216,0.987029861061214,0.803177716173429,0.899357520311334,0.96622975005917,0.946956732158741,0.97220833212104,0.925091220270493,0.971799062968982,0.933750567967599,0.931345658686916,0.901937612806451,0.964090473716785,0.896508663251466,0.968817974971913,0.943341206150037,0.888639224719848,0.908806646228861,0.952199892863189,0.928410219909093,0.932286076139273,0.9434743749176,0.931021675307192,0.957800206535698,0.851658175979982,0.945810184372775,0.967176611524882,0.956231478886635,0.840775487253321],[0.991935527576728,1,0.941754628560114,0.967276043729117,0.977889382433111,0.96072629957814,0.882833251595359,0.898356555404735,0.812381424072751,0.828600166840628,0.882482580275394,0.879525672356094,0.898572059251307,0.900858362729584,0.888713928882124,0.899407445268766,0.985990309754485,0.800032837512248,0.894201316525219,0.964935725237875,0.948131987797817,0.969871718670793,0.928921364234589,0.968529098612571,0.937156523194533,0.932418241978954,0.909289369344279,0.970493836935361,0.887175401964008,0.964595403934508,0.943702807902232,0.889340769846394,0.914137812800823,0.954186370232791,0.928575545775949,0.929346812532283,0.944529754998593,0.932780416023526,0.958713548516447,0.85338858532199,0.94883970050788,0.964451138476525,0.957259826921343,0.843884352451964],[0.939846512837899,0.941754628560114,1,0.93107965325518,0.93526230149668,0.920063489713298,0.897009328526445,0.907256336685309,0.83803903865283,0.849886495258239,0.894211772472948,0.893546159345664,0.90345407549765,0.910898266361898,0.904150704904544,0.905702258278327,0.942896560756563,0.806505488560843,0.894424556897517,0.935538073455343,0.933755121583604,0.936553815158569,0.90972587733534,0.937123026661007,0.903860838590565,0.91233782969669,0.91651525851255,0.931774226511132,0.881974498971845,0.930204622886809,0.927301321713347,0.897570140356612,0.926404061885464,0.932010232027114,0.900766297250452,0.9028580764139,0.9270883354847,0.922500298083762,0.945654592619128,0.870646715226363,0.938336304169039,0.933278327511631,0.925496976342289,0.825898907329878],[0.968817277065546,0.967276043729117,0.93107965325518,1,0.991721241891942,0.989294612705669,0.880580663732739,0.896071030177538,0.821863305316648,0.838032311550771,0.881150721840651,0.87701435376661,0.892106601380899,0.897767805590587,0.888578802468994,0.896117580684123,0.964207215468966,0.778278474099155,0.892580763058119,0.973381367496702,0.940853194602948,0.980811152180704,0.914010114997374,0.978671897677677,0.936622697530841,0.932238964053878,0.883653839410284,0.947880786700311,0.88983426133034,0.959261266103068,0.945156858640796,0.872784952500235,0.914206230033932,0.95370949121286,0.916844445093202,0.920635073406227,0.928131749380647,0.909393671780035,0.952192994865954,0.849848155179613,0.942029037328362,0.974431314605121,0.95372984978268,0.815433212034147],[0.97864349821732,0.977889382433111,0.93526230149668,0.991721241891942,1,0.986984972205251,0.886034454799994,0.902096825186368,0.821999202318445,0.838834363726303,0.886225675996699,0.882231515516122,0.89852770752473,0.902651778601308,0.893684000751898,0.902873135111853,0.971651901721777,0.786865343592276,0.887304189244834,0.97736413143492,0.94669559387586,0.984674982156414,0.917120046098529,0.982008892284111,0.955037983904926,0.947070008849701,0.891158820074306,0.958238002397322,0.892788918567379,0.966264883230533,0.947608503953221,0.871868046404472,0.91567454257047,0.957419590014455,0.917307892659594,0.92207509691639,0.936839096165767,0.920719449531281,0.957033882201284,0.854992129646437,0.946666917132205,0.974930026164493,0.955538752491547,0.824025245488994],[0.969426551518488,0.96072629957814,0.920063489713298,0.989294612705669,0.986984972205251,1,0.874865148163567,0.889074473289985,0.81920426220224,0.833750709553704,0.873378423370245,0.871258264206319,0.884057131735017,0.889053818804079,0.882033691353539,0.889210672817487,0.959415688482409,0.780590849733969,0.894882272230805,0.972347974113048,0.931488653232,0.980828212256441,0.904515415564409,0.979599904334731,0.936749164818315,0.934054674772056,0.875933085307415,0.935313650653973,0.901382891845271,0.958464881177434,0.942477633777975,0.868871985687814,0.901430848147751,0.943275144834007,0.909002691519909,0.914555664983168,0.915247931961421,0.892989416460583,0.945623526303732,0.843524102778007,0.932710762366143,0.972252612950007,0.945469880211725,0.802125509985659],[0.878630312331021,0.882833251595359,0.897009328526445,0.880580663732739,0.886034454799994,0.874865148163567,1,0.988555481416193,0.930133471753577,0.937330583553814,0.995933203366533,0.998187178349179,0.99127310892157,0.990028535268251,0.990575620160645,0.988045698829154,0.893215229430512,0.778611281948674,0.847020062858086,0.905295516372201,0.891341825288365,0.900466963608209,0.870239038945126,0.900935709753376,0.871308868279126,0.874779858059243,0.848438588496358,0.880610456265797,0.841144509932803,0.904458133618921,0.876706303200692,0.825421524731593,0.932230303807818,0.896345449199162,0.876192272982221,0.879212733761764,0.879014558764954,0.867853484119505,0.895864976190892,0.872094127708372,0.89809430400407,0.893109465800806,0.888557686280519,0.781594855561206],[0.893917867304484,0.898356555404735,0.907256336685309,0.896071030177538,0.902096825186368,0.889074473289985,0.988555481416193,1,0.919822502736688,0.929420228631929,0.985482017728458,0.986022513628995,0.990446243293166,0.989884533008351,0.997014556501198,0.998046613443162,0.908720783139377,0.784398179228934,0.854801047978157,0.918839056062638,0.904122036646789,0.914746388326915,0.880847965613232,0.914153711031264,0.884607993058302,0.884721750773729,0.863011837288135,0.896995382971771,0.849999466902902,0.921460720317215,0.892046613656037,0.832939699665162,0.937789426106027,0.909613571712487,0.885195695036249,0.88879323338934,0.892743393412001,0.88117052534078,0.909121290456302,0.873705838458483,0.913368667404899,0.908009148353653,0.902689355502349,0.793260114597778],[0.813260216319873,0.812381424072751,0.83803903865283,0.821863305316648,0.821999202318445,0.81920426220224,0.930133471753577,0.919822502736688,1,0.996028331564402,0.937245636708217,0.933287321048202,0.921711402198518,0.924327724461045,0.926449858433261,0.916554255751639,0.833999894548323,0.75598754743295,0.789952115121913,0.856443646466408,0.841814718642376,0.845302598504053,0.825868718743326,0.845250986981371,0.804770532313814,0.812692344640195,0.801353641428357,0.819603566386401,0.802609850508688,0.848554914054881,0.841140012593671,0.798027157758707,0.901363899813158,0.85365148497783,0.837447596976378,0.838474555484813,0.836587995051502,0.828432887425879,0.847382453732132,0.840339768933153,0.853453273554092,0.849477705762013,0.842134971271672,0.746889856784809],[0.828845730269501,0.828600166840628,0.849886495258239,0.838032311550771,0.838834363726303,0.833750709553704,0.937330583553814,0.929420228631929,0.996028331564402,1,0.948134779133633,0.939446827990469,0.930172494512306,0.932390951437369,0.935104589524958,0.926121574055083,0.851428803811173,0.754981928807766,0.799111675949059,0.871009592523387,0.85676078917138,0.860840938362822,0.840814621380149,0.86011400303329,0.821656149194476,0.826961834387808,0.813746806714784,0.837512595915387,0.81114362812035,0.866245245186612,0.855248586955488,0.8126391687738,0.915133404479612,0.87254218458189,0.854281888938457,0.855339543563113,0.85217903827184,0.839747301233947,0.862936927682795,0.850988890453507,0.871459686893929,0.865256969505473,0.860399840288521,0.754142573305712],[0.878237659473657,0.882482580275394,0.894211772472948,0.881150721840651,0.886225675996699,0.873378423370245,0.995933203366533,0.985482017728458,0.937245636708217,0.948134779133633,1,0.996465801305908,0.989117678346239,0.986704623364139,0.987723693344761,0.985286802168791,0.895700649054952,0.77665823994447,0.841701934776869,0.90692609638738,0.894035697762883,0.901068855782934,0.874348312234323,0.901214268179136,0.871804859258834,0.873712241695364,0.848416170187778,0.884648366405252,0.839038202923028,0.907908897088664,0.878559638494233,0.829131250202619,0.937287846762366,0.902979098615742,0.88298405188369,0.885433235083683,0.883829464835448,0.871688539446136,0.898533719470036,0.87770529730445,0.902337703819086,0.895294631101412,0.893579130738015,0.785368807594717],[0.875422889210292,0.879525672356094,0.893546159345664,0.87701435376661,0.882231515516122,0.871258264206319,0.998187178349179,0.986022513628995,0.933287321048202,0.939446827990469,0.996465801305908,1,0.989332129621071,0.987869480331893,0.988285384037134,0.98575131339129,0.889581585759449,0.781583310810801,0.84554528553007,0.902566301600541,0.888727369790021,0.897206963870967,0.867979853656852,0.898028454015241,0.868037465274578,0.872129911878251,0.8449258135114,0.877934135015304,0.838727327418833,0.901078925816301,0.87327937472525,0.820791282569211,0.928884963388585,0.891935723336999,0.872987897281941,0.876000368878633,0.876731401636438,0.865332083961234,0.892618102459461,0.87152966918437,0.894239853024919,0.889652909317957,0.88512890920679,0.780100195186969],[0.89312306251311,0.898572059251307,0.90345407549765,0.892106601380899,0.89852770752473,0.884057131735017,0.99127310892157,0.990446243293166,0.921711402198518,0.930172494512306,0.989117678346239,0.989332129621071,1,0.993333917886634,0.988654710809596,0.991304175570847,0.908719145987442,0.789584182945311,0.851212994905598,0.914443070498549,0.902264714028579,0.909862879213105,0.883815618034742,0.909640466585938,0.879045370708156,0.87828626801296,0.857506285318434,0.898847777940304,0.844222454216713,0.920653908183462,0.884451474394918,0.833377255519791,0.938173617409686,0.910982860643391,0.890164670072275,0.892842484067951,0.892180651000469,0.886530662871318,0.90767115865259,0.874180897760567,0.910212160001435,0.902752082869425,0.904285884632534,0.801917132012709],[0.89449210199705,0.900858362729584,0.910898266361898,0.897767805590587,0.902651778601308,0.889053818804079,0.990028535268251,0.989884533008351,0.924327724461045,0.932390951437369,0.986704623364139,0.987869480331893,0.993333917886634,1,0.990044249133824,0.989359405289651,0.910635162606708,0.792269066478318,0.856672449831682,0.91750181082399,0.905999987893259,0.913038904266483,0.884799808526302,0.912781573656977,0.881431947533585,0.881329288245382,0.861374892357597,0.901638469270253,0.84572669906063,0.92084258952138,0.88992506595804,0.836319277484503,0.945586987975067,0.911927972640208,0.889109044331269,0.892206760114515,0.894683782781052,0.885859601235631,0.909901246740739,0.87883795604806,0.914574466115403,0.906837602497924,0.904284903875429,0.799522127318377],[0.884451017948075,0.888713928882124,0.904150704904544,0.888578802468994,0.893684000751898,0.882033691353539,0.990575620160645,0.997014556501198,0.926449858433261,0.935104589524958,0.987723693344761,0.988285384037134,0.988654710809596,0.990044249133824,1,0.995246148833851,0.900183200885028,0.780767327673098,0.851186497586847,0.912717796657423,0.897025015500223,0.907706263905476,0.87402674654546,0.907161610053617,0.879733489664108,0.881106065620457,0.857514121570422,0.88653234827072,0.845329204135374,0.91449748120494,0.888505801243267,0.833214841267652,0.938456088331938,0.903296695641648,0.880341177658431,0.883332258627345,0.885064949442723,0.87443555337869,0.902372241660041,0.874219374270638,0.907932922957176,0.902693660474029,0.895383703913121,0.785213696327029],[0.894874535582216,0.899407445268766,0.905702258278327,0.896117580684123,0.902873135111853,0.889210672817487,0.988045698829154,0.998046613443162,0.916554255751639,0.926121574055083,0.985286802168791,0.98575131339129,0.991304175570847,0.989359405289651,0.995246148833851,1,0.909642317781414,0.786501670917881,0.85297718392043,0.918746625957536,0.904724106583095,0.914354166809922,0.881786402076112,0.913761947288676,0.8862097194525,0.887052580474177,0.863865506851667,0.897271758766344,0.850162254192686,0.920916313567816,0.888137078712926,0.834195292911442,0.936631978676748,0.910254053976959,0.886733664944307,0.890256696541212,0.892959549426017,0.883213101146897,0.910472486067477,0.873146238282303,0.912530059503204,0.906145576720999,0.902418603496277,0.798117627699504],[0.987029861061214,0.985990309754485,0.942896560756563,0.964207215468966,0.971651901721777,0.959415688482409,0.893215229430512,0.908720783139377,0.833999894548323,0.851428803811173,0.895700649054952,0.889581585759449,0.908719145987442,0.910635162606708,0.900183200885028,0.909642317781414,1,0.803717742176615,0.893399645318678,0.968188426153164,0.959523064917512,0.970217861336981,0.948738341788783,0.968774811017982,0.930844880561901,0.924098702773591,0.914623674960177,0.975434255966738,0.892185457573118,0.971652976983021,0.945985110981229,0.90251738073141,0.93215508968749,0.975691638205797,0.955918620305475,0.958433417308994,0.955692720271503,0.933195178428268,0.971619592492016,0.866517619158428,0.965027749865175,0.96943869217723,0.97646134005904,0.841468434084255],[0.803177716173429,0.800032837512248,0.806505488560843,0.778278474099155,0.786865343592276,0.780590849733969,0.778611281948674,0.784398179228934,0.75598754743295,0.754981928807766,0.77665823994447,0.781583310810801,0.789584182945311,0.792269066478318,0.780767327673098,0.786501670917881,0.803717742176615,1,0.832940587188075,0.789158834899861,0.810205646379581,0.784338998232686,0.818805160869157,0.787748493720135,0.75197201223301,0.76233515169444,0.786983303467035,0.808460798285349,0.765000898985718,0.789812531672975,0.779681736052464,0.750049900835574,0.794117302347804,0.788280548526996,0.797707496691351,0.797143343646019,0.829380602574422,0.854446564569733,0.806793886437114,0.789495781724998,0.797046448445306,0.789420692471789,0.796241063921701,0.845924261236626],[0.899357520311334,0.894201316525219,0.894424556897517,0.892580763058119,0.887304189244834,0.894882272230805,0.847020062858086,0.854801047978157,0.789952115121913,0.799111675949059,0.841701934776869,0.84554528553007,0.851212994905598,0.856672449831682,0.851186497586847,0.85297718392043,0.893399645318678,0.832940587188075,1,0.894497337589349,0.881454455673632,0.895564824438756,0.89199903655351,0.899003512350001,0.850859691402906,0.856779101172858,0.847418243548941,0.868439434397932,0.84190906716223,0.890961684206275,0.889428743187256,0.826690738639528,0.854882791075549,0.871919747941522,0.876694981364183,0.87826059940746,0.866338700389987,0.840904951758766,0.890273766951695,0.838019824142867,0.876747065090554,0.899981864671618,0.895458470931891,0.77046318727579],[0.96622975005917,0.964935725237875,0.935538073455343,0.973381367496702,0.97736413143492,0.972347974113048,0.905295516372201,0.918839056062638,0.856443646466408,0.871009592523387,0.90692609638738,0.902566301600541,0.914443070498549,0.91750181082399,0.912717796657423,0.918746625957536,0.968188426153164,0.789158834899861,0.894497337589349,1,0.961458478745207,0.992447833646471,0.924731589105695,0.992023083287932,0.939739564572195,0.93739927580483,0.901905355251506,0.94906318748459,0.898487830154925,0.966653005502651,0.957546273524072,0.88503222010575,0.931759615861058,0.967143264646913,0.92859717922395,0.931859880685202,0.946298810573089,0.912457493070666,0.966152618426035,0.876952053099656,0.95176820131622,0.984783898281414,0.962044490829477,0.812192288766126],[0.946956732158741,0.948131987797817,0.933755121583604,0.940853194602948,0.94669559387586,0.931488653232,0.891341825288365,0.904122036646789,0.841814718642376,0.85676078917138,0.894035697762883,0.888727369790021,0.902264714028579,0.905999987893259,0.897025015500223,0.904724106583095,0.959523064917512,0.810205646379581,0.881454455673632,0.961458478745207,1,0.951194633668434,0.947535673624378,0.951105286989942,0.907199924750519,0.908343058463441,0.916232695663564,0.955802805217736,0.874369358491329,0.942465003160482,0.919147604471648,0.892235005848244,0.923174501451427,0.961965301159086,0.940248912771118,0.942266210840063,0.986555173054236,0.922107900015605,0.97894849775218,0.875471675320054,0.948658467657295,0.946023889265485,0.960465389374858,0.832001091398941],[0.97220833212104,0.969871718670793,0.936553815158569,0.980811152180704,0.984674982156414,0.980828212256441,0.900466963608209,0.914746388326915,0.845302598504053,0.860840938362822,0.901068855782934,0.897206963870967,0.909862879213105,0.913038904266483,0.907706263905476,0.914354166809922,0.970217861336981,0.784338998232686,0.895564824438756,0.992447833646471,0.951194633668434,1,0.922915814493369,0.998619963459664,0.948234813962366,0.945324317269172,0.895171457656405,0.949427968458793,0.903747244116622,0.969173068310149,0.958817902767431,0.878545319967227,0.926726617540624,0.963332055948308,0.924187245241927,0.928629180890688,0.935907347799046,0.907399055363851,0.96380310723059,0.86493986530594,0.950258444077902,0.985574874888469,0.960184331675387,0.810896198282557],[0.925091220270493,0.928921364234589,0.90972587733534,0.914010114997374,0.917120046098529,0.904515415564409,0.870239038945126,0.880847965613232,0.825868718743326,0.840814621380149,0.874348312234323,0.867979853656852,0.883815618034742,0.884799808526302,0.87402674654546,0.881786402076112,0.948738341788783,0.818805160869157,0.89199903655351,0.924731589105695,0.947535673624378,0.922915814493369,1,0.925084335387122,0.878799659908231,0.881841859460804,0.894950364037768,0.941584542713678,0.851283052619104,0.920322931846116,0.895911609823411,0.880116283784228,0.90033088596399,0.950075836617536,0.973945896518116,0.973219805523504,0.940284103956229,0.900320340348597,0.954534924010257,0.857813454269791,0.929785091107227,0.918648767949439,0.977481217974464,0.828432467379773],[0.971799062968982,0.968529098612571,0.937123026661007,0.978671897677677,0.982008892284111,0.979599904334731,0.900935709753376,0.914153711031264,0.845250986981371,0.86011400303329,0.901214268179136,0.898028454015241,0.909640466585938,0.912781573656977,0.907161610053617,0.913761947288676,0.968774811017982,0.787748493720135,0.899003512350001,0.992023083287932,0.951105286989942,0.998619963459664,0.925084335387122,1,0.944843746912223,0.945345028831467,0.896414343815304,0.947505260427067,0.907146477406534,0.966108351475655,0.953499739732998,0.880597336671525,0.923972865438857,0.96082640869115,0.924745812296414,0.929253681915814,0.935532067732647,0.906473967621095,0.963224738077069,0.86573830317517,0.94778987046111,0.983129215814498,0.95864049558911,0.810726468539578],[0.933750567967599,0.937156523194533,0.903860838590565,0.936622697530841,0.955037983904926,0.936749164818315,0.871308868279126,0.884607993058302,0.804770532313814,0.821656149194476,0.871804859258834,0.868037465274578,0.879045370708156,0.881431947533585,0.879733489664108,0.8862097194525,0.930844880561901,0.75197201223301,0.850859691402906,0.939739564572195,0.907199924750519,0.948234813962366,0.878799659908231,0.944843746912223,1,0.983775800494817,0.866927196864064,0.9135761041092,0.902294004768617,0.921144444107564,0.90930840442485,0.83748971628548,0.887099860101229,0.919792754898623,0.881039643382108,0.885363643267129,0.892722176881662,0.866511432719159,0.923725986133142,0.839050756730075,0.915083978652777,0.931967269008516,0.913482839468072,0.785522582037101],[0.931345658686916,0.932418241978954,0.91233782969669,0.932238964053878,0.947070008849701,0.934054674772056,0.874779858059243,0.884721750773729,0.812692344640195,0.826961834387808,0.873712241695364,0.872129911878251,0.87828626801296,0.881329288245382,0.881106065620457,0.887052580474177,0.924098702773591,0.76233515169444,0.856779101172858,0.93739927580483,0.908343058463441,0.945324317269172,0.881841859460804,0.945345028831467,0.983775800494817,1,0.870050203686512,0.90446262301488,0.93126897302208,0.911884666936585,0.900001922933843,0.840610762326475,0.882402065022381,0.910023012634234,0.876375699704595,0.88178694887273,0.890077424416864,0.865962670017652,0.922494831725844,0.840404919914936,0.90776441696488,0.92882564075885,0.907184714297548,0.786824398165084],[0.901937612806451,0.909289369344279,0.91651525851255,0.883653839410284,0.891158820074306,0.875933085307415,0.848438588496358,0.863011837288135,0.801353641428357,0.813746806714784,0.848416170187778,0.8449258135114,0.857506285318434,0.861374892357597,0.857514121570422,0.863865506851667,0.914623674960177,0.786983303467035,0.847418243548941,0.901905355251506,0.916232695663564,0.895171457656405,0.894950364037768,0.896414343815304,0.866927196864064,0.870050203686512,1,0.908493729894958,0.855389669569717,0.894994008384304,0.882615896971062,0.888766094638462,0.890583555051832,0.913223518507131,0.888866052951505,0.887445136667407,0.917462636075487,0.882387120860014,0.926327653845282,0.833960740560047,0.9063911077917,0.890073779358161,0.90092557116023,0.811957861050555],[0.964090473716785,0.970493836935361,0.931774226511132,0.947880786700311,0.958238002397322,0.935313650653973,0.880610456265797,0.896995382971771,0.819603566386401,0.837512595915387,0.884648366405252,0.877934135015304,0.898847777940304,0.901638469270253,0.88653234827072,0.897271758766344,0.975434255966738,0.808460798285349,0.868439434397932,0.94906318748459,0.955802805217736,0.949427968458793,0.941584542713678,0.947505260427067,0.9135761041092,0.90446262301488,0.908493729894958,1,0.857940381500529,0.951121672357626,0.92144297043015,0.876765504706472,0.919514534408933,0.961453856021869,0.940618436604287,0.943354002202546,0.960021796765336,0.945758701400346,0.961301715246488,0.850391847500663,0.956232627495424,0.947368282401936,0.963191801930608,0.869830218555752],[0.896508663251466,0.887175401964008,0.881974498971845,0.88983426133034,0.892788918567379,0.901382891845271,0.841144509932803,0.849999466902902,0.802609850508688,0.81114362812035,0.839038202923028,0.838727327418833,0.844222454216713,0.84572669906063,0.845329204135374,0.850162254192686,0.892185457573118,0.765000898985718,0.84190906716223,0.898487830154925,0.874369358491329,0.903747244116622,0.851283052619104,0.907146477406534,0.902294004768617,0.93126897302208,0.855389669569717,0.857940381500529,1,0.880192030331985,0.867105479859414,0.828674308799401,0.848309603509739,0.873700340737131,0.853878676807446,0.860423103938271,0.856021482948763,0.828193516297308,0.886578110202252,0.820853673285164,0.86482812967841,0.89361620744675,0.872553911449261,0.769929886361076],[0.968817974971913,0.964595403934508,0.930204622886809,0.959261266103068,0.966264883230533,0.958464881177434,0.904458133618921,0.921460720317215,0.848554914054881,0.866245245186612,0.907908897088664,0.901078925816301,0.920653908183462,0.92084258952138,0.91449748120494,0.920916313567816,0.971652976983021,0.789812531672975,0.890961684206275,0.966653005502651,0.942465003160482,0.969173068310149,0.920322931846116,0.966108351475655,0.921144444107564,0.911884666936585,0.894994008384304,0.951121672357626,0.880192030331985,1,0.954705584240528,0.878360568971368,0.933669151135238,0.959120058387938,0.930109390458717,0.933379342424755,0.937280226215759,0.917136474894083,0.951361750567744,0.873353396997399,0.956648810807959,0.970540957236083,0.959857788281141,0.816559090279725],[0.943341206150037,0.943702807902232,0.927301321713347,0.945156858640796,0.947608503953221,0.942477633777975,0.876706303200692,0.892046613656037,0.841140012593671,0.855248586955488,0.878559638494233,0.87327937472525,0.884451474394918,0.88992506595804,0.888505801243267,0.888137078712926,0.945985110981229,0.779681736052464,0.889428743187256,0.957546273524072,0.919147604471648,0.958817902767431,0.895911609823411,0.953499739732998,0.90930840442485,0.900001922933843,0.882615896971062,0.92144297043015,0.867105479859414,0.954705584240528,1,0.872567427042878,0.919661527580908,0.943748905873907,0.903830179392616,0.903952600875286,0.91391716776384,0.892728001532533,0.93434018985072,0.874844880790301,0.941658367413215,0.972473938341213,0.941865647963998,0.783728136264615],[0.888639224719848,0.889340769846394,0.897570140356612,0.872784952500235,0.871868046404472,0.868871985687814,0.825421524731593,0.832939699665162,0.798027157758707,0.8126391687738,0.829131250202619,0.820791282569211,0.833377255519791,0.836319277484503,0.833214841267652,0.834195292911442,0.90251738073141,0.750049900835574,0.826690738639528,0.88503222010575,0.892235005848244,0.878545319967227,0.880116283784228,0.880597336671525,0.83748971628548,0.840610762326475,0.888766094638462,0.876765504706472,0.828674308799401,0.878360568971368,0.872567427042878,1,0.880552493474803,0.90543670314583,0.882878584533323,0.872638593568909,0.89110987279885,0.858949317290706,0.924672693672066,0.816821576507773,0.894416527067574,0.879063607611317,0.888792409928762,0.771689691265553],[0.908806646228861,0.914137812800823,0.926404061885464,0.914206230033932,0.91567454257047,0.901430848147751,0.932230303807818,0.937789426106027,0.901363899813158,0.915133404479612,0.937287846762366,0.928884963388585,0.938173617409686,0.945586987975067,0.938456088331938,0.936631978676748,0.93215508968749,0.794117302347804,0.854882791075549,0.931759615861058,0.923174501451427,0.926726617540624,0.90033088596399,0.923972865438857,0.887099860101229,0.882402065022381,0.890583555051832,0.919514534408933,0.848309603509739,0.933669151135238,0.919661527580908,0.880552493474803,1,0.949172069321921,0.90923947131484,0.90994897127404,0.921280075252306,0.904872373796002,0.932083730035719,0.893048262887257,0.953632949015595,0.932020466657457,0.92766833265928,0.812419628799367],[0.952199892863189,0.954186370232791,0.932010232027114,0.95370949121286,0.957419590014455,0.943275144834007,0.896345449199162,0.909613571712487,0.85365148497783,0.87254218458189,0.902979098615742,0.891935723336999,0.910982860643391,0.911927972640208,0.903296695641648,0.910254053976959,0.975691638205797,0.788280548526996,0.871919747941522,0.967143264646913,0.961965301159086,0.963332055948308,0.950075836617536,0.96082640869115,0.919792754898623,0.910023012634234,0.913223518507131,0.961453856021869,0.873700340737131,0.959120058387938,0.943748905873907,0.90543670314583,0.949172069321921,1,0.954379440944765,0.955181189798971,0.956126522023946,0.918687720854627,0.973829945792214,0.882225071582038,0.969832722450136,0.964237832473689,0.98000515967182,0.81976160348718],[0.928410219909093,0.928575545775949,0.900766297250452,0.916844445093202,0.917307892659594,0.909002691519909,0.876192272982221,0.885195695036249,0.837447596976378,0.854281888938457,0.88298405188369,0.872987897281941,0.890164670072275,0.889109044331269,0.880341177658431,0.886733664944307,0.955918620305475,0.797707496691351,0.876694981364183,0.92859717922395,0.940248912771118,0.924187245241927,0.973945896518116,0.924745812296414,0.881039643382108,0.876375699704595,0.888866052951505,0.940618436604287,0.853878676807446,0.930109390458717,0.903830179392616,0.882878584533323,0.90923947131484,0.954379440944765,1,0.997172679593983,0.936463801686395,0.896531171025231,0.946860677479569,0.862177800799004,0.930481893110723,0.925356242411069,0.975811903985228,0.823427899670094],[0.932286076139273,0.929346812532283,0.9028580764139,0.920635073406227,0.92207509691639,0.914555664983168,0.879212733761764,0.88879323338934,0.838474555484813,0.855339543563113,0.885433235083683,0.876000368878633,0.892842484067951,0.892206760114515,0.883332258627345,0.890256696541212,0.958433417308994,0.797143343646019,0.87826059940746,0.931859880685202,0.942266210840063,0.928629180890688,0.973219805523504,0.929253681915814,0.885363643267129,0.88178694887273,0.887445136667407,0.943354002202546,0.860423103938271,0.933379342424755,0.903952600875286,0.872638593568909,0.90994897127404,0.955181189798971,0.997172679593983,1,0.937623983887827,0.899478874391202,0.948236301748576,0.862581393873617,0.932504802611804,0.928681991537645,0.976732075176312,0.825877167828936],[0.9434743749176,0.944529754998593,0.9270883354847,0.928131749380647,0.936839096165767,0.915247931961421,0.879014558764954,0.892743393412001,0.836587995051502,0.85217903827184,0.883829464835448,0.876731401636438,0.892180651000469,0.894683782781052,0.885064949442723,0.892959549426017,0.955692720271503,0.829380602574422,0.866338700389987,0.946298810573089,0.986555173054236,0.935907347799046,0.940284103956229,0.935532067732647,0.892722176881662,0.890077424416864,0.917462636075487,0.960021796765336,0.856021482948763,0.937280226215759,0.91391716776384,0.89110987279885,0.921280075252306,0.956126522023946,0.936463801686395,0.937623983887827,1,0.940230392169776,0.969155072447723,0.868235566058358,0.946386199653789,0.935520214992311,0.952445216127208,0.85869784231793],[0.931021675307192,0.932780416023526,0.922500298083762,0.909393671780035,0.920719449531281,0.892989416460583,0.867853484119505,0.88117052534078,0.828432887425879,0.839747301233947,0.871688539446136,0.865332083961234,0.886530662871318,0.885859601235631,0.87443555337869,0.883213101146897,0.933195178428268,0.854446564569733,0.840904951758766,0.912457493070666,0.922107900015605,0.907399055363851,0.900320340348597,0.906473967621095,0.866511432719159,0.865962670017652,0.882387120860014,0.945758701400346,0.828193516297308,0.917136474894083,0.892728001532533,0.858949317290706,0.904872373796002,0.918687720854627,0.896531171025231,0.899478874391202,0.940230392169776,1,0.920233094210716,0.845876030072137,0.915451837660953,0.912445012333237,0.915253029064022,0.916184387143796],[0.957800206535698,0.958713548516447,0.945654592619128,0.952192994865954,0.957033882201284,0.945623526303732,0.895864976190892,0.909121290456302,0.847382453732132,0.862936927682795,0.898533719470036,0.892618102459461,0.90767115865259,0.909901246740739,0.902372241660041,0.910472486067477,0.971619592492016,0.806793886437114,0.890273766951695,0.966152618426035,0.97894849775218,0.96380310723059,0.954534924010257,0.963224738077069,0.923725986133142,0.922494831725844,0.926327653845282,0.961301715246488,0.886578110202252,0.951361750567744,0.93434018985072,0.924672693672066,0.932083730035719,0.973829945792214,0.946860677479569,0.948236301748576,0.969155072447723,0.920233094210716,1,0.87520200537013,0.959266077724748,0.95583589363043,0.969433747137984,0.830151279471233],[0.851658175979982,0.85338858532199,0.870646715226363,0.849848155179613,0.854992129646437,0.843524102778007,0.872094127708372,0.873705838458483,0.840339768933153,0.850988890453507,0.87770529730445,0.87152966918437,0.874180897760567,0.87883795604806,0.874219374270638,0.873146238282303,0.866517619158428,0.789495781724998,0.838019824142867,0.876952053099656,0.875471675320054,0.86493986530594,0.857813454269791,0.86573830317517,0.839050756730075,0.840404919914936,0.833960740560047,0.850391847500663,0.820853673285164,0.873353396997399,0.874844880790301,0.816821576507773,0.893048262887257,0.882225071582038,0.862177800799004,0.862581393873617,0.868235566058358,0.845876030072137,0.87520200537013,1,0.886944149453181,0.874288978650127,0.871846234590865,0.763777766836614],[0.945810184372775,0.94883970050788,0.938336304169039,0.942029037328362,0.946666917132205,0.932710762366143,0.89809430400407,0.913368667404899,0.853453273554092,0.871459686893929,0.902337703819086,0.894239853024919,0.910212160001435,0.914574466115403,0.907932922957176,0.912530059503204,0.965027749865175,0.797046448445306,0.876747065090554,0.95176820131622,0.948658467657295,0.950258444077902,0.929785091107227,0.94778987046111,0.915083978652777,0.90776441696488,0.9063911077917,0.956232627495424,0.86482812967841,0.956648810807959,0.941658367413215,0.894416527067574,0.953632949015595,0.969832722450136,0.930481893110723,0.932504802611804,0.946386199653789,0.915451837660953,0.959266077724748,0.886944149453181,1,0.956112271148199,0.956307163908897,0.818451627496672],[0.967176611524882,0.964451138476525,0.933278327511631,0.974431314605121,0.974930026164493,0.972252612950007,0.893109465800806,0.908009148353653,0.849477705762013,0.865256969505473,0.895294631101412,0.889652909317957,0.902752082869425,0.906837602497924,0.902693660474029,0.906145576720999,0.96943869217723,0.789420692471789,0.899981864671618,0.984783898281414,0.946023889265485,0.985574874888469,0.918648767949439,0.983129215814498,0.931967269008516,0.92882564075885,0.890073779358161,0.947368282401936,0.89361620744675,0.970540957236083,0.972473938341213,0.879063607611317,0.932020466657457,0.964237832473689,0.925356242411069,0.928681991537645,0.935520214992311,0.912445012333237,0.95583589363043,0.874288978650127,0.956112271148199,1,0.965014979450792,0.807605334287503],[0.956231478886635,0.957259826921343,0.925496976342289,0.95372984978268,0.955538752491547,0.945469880211725,0.888557686280519,0.902689355502349,0.842134971271672,0.860399840288521,0.893579130738015,0.88512890920679,0.904285884632534,0.904284903875429,0.895383703913121,0.902418603496277,0.97646134005904,0.796241063921701,0.895458470931891,0.962044490829477,0.960465389374858,0.960184331675387,0.977481217974464,0.95864049558911,0.913482839468072,0.907184714297548,0.90092557116023,0.963191801930608,0.872553911449261,0.959857788281141,0.941865647963998,0.888792409928762,0.92766833265928,0.98000515967182,0.975811903985228,0.976732075176312,0.952445216127208,0.915253029064022,0.969433747137984,0.871846234590865,0.956307163908897,0.965014979450792,1,0.82282065688395],[0.840775487253321,0.843884352451964,0.825898907329878,0.815433212034147,0.824025245488994,0.802125509985659,0.781594855561206,0.793260114597778,0.746889856784809,0.754142573305712,0.785368807594717,0.780100195186969,0.801917132012709,0.799522127318377,0.785213696327029,0.798117627699504,0.841468434084255,0.845924261236626,0.77046318727579,0.812192288766126,0.832001091398941,0.810896198282557,0.828432467379773,0.810726468539578,0.785522582037101,0.786824398165084,0.811957861050555,0.869830218555752,0.769929886361076,0.816559090279725,0.783728136264615,0.771689691265553,0.812419628799367,0.81976160348718,0.823427899670094,0.825877167828936,0.85869784231793,0.916184387143796,0.830151279471233,0.763777766836614,0.818451627496672,0.807605334287503,0.82282065688395,1]]},"chartOpts":{"corcolors":["green","white","crimson"],"zlim":[-1,0,1],"margin":{"left":150,"top":40,"right":3,"bottom":70,"inner":5}}},"evals":[]}</script>
<script type="application/htmlwidget-sizing" data-for="htmlwidget-3539">{"viewer":{"width":450,"height":350,"padding":15,"fill":true},"browser":{"width":700,"height":700,"padding":40,"fill":false}}</script>
</body>
</html>
